Per-Satellite Output Data
(Mandatory as per problem statement)

Sat ID	Plane	a (km)	i (deg)	Ω (deg)	ω (deg)	ν (deg)	Total Coverage (min)
Sat-1	01	7328.000	62.9	183.5	0.0	0.0	65.59
Sat-2	01	7328.000	62.9	183.5	0.0	18.0	65.61
Sat-3	01	7328.000	62.9	183.5	0.0	36.0	65.50
Sat-4	01	7328.000	62.9	183.5	0.0	54.0	65.26
Sat-5	01	7328.000	62.9	183.5	0.0	72.0	69.24
Sat-6	01	7328.000	62.9	183.5	0.0	90.0	72.97
Sat-7	01	7328.000	62.9	183.5	0.0	108.0	77.16
Sat-8	01	7328.000	62.9	183.5	0.0	126.0	79.47
Sat-9	01	7328.000	62.9	183.5	0.0	144.0	80.97
Sat-10	01	7328.000	62.9	183.5	0.0	162.0	81.91
Sat-11	01	7328.000	62.9	183.5	0.0	180.0	82.38
Sat-12	01	7328.000	62.9	183.5	0.0	198.0	82.43
Sat-13	01	7328.000	62.9	183.5	0.0	216.0	82.05
Sat-14	01	7328.000	62.9	183.5	0.0	234.0	81.21
Sat-15	01	7328.000	62.9	183.5	0.0	252.0	79.84
Sat-16	01	7328.000	62.9	183.5	0.0	270.0	77.74
Sat-17	01	7328.000	62.9	183.5	0.0	288.0	74.23
Sat-18	01	7328.000	62.9	183.5	0.0	306.0	69.64
Sat-19	01	7328.000	62.9	183.5	0.0	324.0	66.40
Sat-20	01	7328.000	62.9	183.5	0.0	342.0	65.46
Sat-21	02	7328.000	62.9	219.5	0.0	18.0	81.33
Sat-22	02	7328.000	62.9	219.5	0.0	36.0	82.09
Sat-23	02	7328.000	62.9	219.5	0.0	54.0	82.40
Sat-24	02	7328.000	62.9	219.5	0.0	72.0	82.28
Sat-25	02	7328.000	62.9	219.5	0.0	90.0	81.74
Sat-26	02	7328.000	62.9	219.5	0.0	108.0	80.71
Sat-27	02	7328.000	62.9	219.5	0.0	126.0	79.10
Sat-28	02	7328.000	62.9	219.5	0.0	144.0	76.60
Sat-29	02	7328.000	62.9	219.5	0.0	162.0	71.30
Sat-30	02	7328.000	62.9	219.5	0.0	180.0	68.69
Sat-31	02	7328.000	62.9	219.5	0.0	198.0	65.30
Sat-32	02	7328.000	62.9	219.5	0.0	216.0	65.51
Sat-33	02	7328.000	62.9	219.5	0.0	234.0	65.60
Sat-34	02	7328.000	62.9	219.5	0.0	252.0	65.57
Sat-35	02	7328.000	62.9	219.5	0.0	270.0	65.41
Sat-36	02	7328.000	62.9	219.5	0.0	288.0	67.08
Sat-37	02	7328.000	62.9	219.5	0.0	306.0	69.79
Sat-38	02	7328.000	62.9	219.5	0.0	324.0	74.92
Sat-39	02	7328.000	62.9	219.5	0.0	342.0	78.09
Sat-40	02	7328.000	62.9	219.5	0.0	360.0	80.05
Sat-41	03	7328.000	62.9	255.5	0.0	36.0	69.86
Sat-42	03	7328.000	62.9	255.5	0.0	54.0	67.36
Sat-43	03	7328.000	62.9	255.5	0.0	72.0	65.38
Sat-44	03	7328.000	62.9	255.5	0.0	90.0	65.55
Sat-45	03	7328.000	62.9	255.5	0.0	108.0	65.59
Sat-46	03	7328.000	62.9	255.5	0.0	126.0	65.51
Sat-47	03	7328.000	62.9	255.5	0.0	144.0	65.31
Sat-48	03	7328.000	62.9	255.5	0.0	162.0	68.31
Sat-49	03	7328.000	62.9	255.5	0.0	180.0	70.24
Sat-50	03	7328.000	62.9	255.5	0.0	198.0	76.24
Sat-51	03	7328.000	62.9	255.5	0.0	216.0	78.86
Sat-52	03	7328.000	62.9	255.5	0.0	234.0	80.55
Sat-53	03	7328.000	62.9	255.5	0.0	252.0	81.63
Sat-54	03	7328.000	62.9	255.5	0.0	270.0	82.22
Sat-55	03	7328.000	62.9	255.5	0.0	288.0	82.37
Sat-56	03	7328.000	62.9	255.5	0.0	306.0	82.11
Sat-57	03	7328.000	62.9	255.5	0.0	324.0	81.39
Sat-58	03	7328.000	62.9	255.5	0.0	342.0	80.17
Sat-59	03	7328.000	62.9	255.5	0.0	360.0	78.28
Sat-60	03	7328.000	62.9	255.5	0.0	378.0	75.29
Sat-61	04	7328.000	62.9	291.5	0.0	54.0	62.86
Sat-62	04	7328.000	62.9	291.5	0.0	72.0	71.18
Sat-63	04	7328.000	62.9	291.5	0.0	90.0	78.10
Sat-64	04	7328.000	62.9	291.5	0.0	108.0	84.39
Sat-65	04	7328.000	62.9	291.5	0.0	126.0	85.57
Sat-66	04	7328.000	62.9	291.5	0.0	144.0	85.65
Sat-67	04	7328.000	62.9	291.5	0.0	162.0	85.35
Sat-68	04	7328.000	62.9	291.5	0.0	180.0	84.65
Sat-69	04	7328.000	62.9	291.5	0.0	198.0	83.51
Sat-70	04	7328.000	62.9	291.5	0.0	216.0	81.85
Sat-71	04	7328.000	62.9	291.5	0.0	234.0	79.44
Sat-72	04	7328.000	62.9	291.5	0.0	252.0	75.47
Sat-73	04	7328.000	62.9	291.5	0.0	270.0	70.89
Sat-74	04	7328.000	62.9	291.5	0.0	288.0	71.36
Sat-75	04	7328.000	62.9	291.5	0.0	306.0	73.33
Sat-76	04	7328.000	62.9	291.5	0.0	324.0	74.70
Sat-77	04	7328.000	62.9	291.5	0.0	342.0	75.69
Sat-78	04	7328.000	62.9	291.5	0.0	360.0	73.77
Sat-79	04	7328.000	62.9	291.5	0.0	378.0	68.83
Sat-80	04	7328.000	62.9	291.5	0.0	396.0	63.69
Sat-81	05	7328.000	62.9	327.5	0.0	72.0	79.11
Sat-82	05	7328.000	62.9	327.5	0.0	90.0	80.08
Sat-83	05	7328.000	62.9	327.5	0.0	108.0	77.11
Sat-84	05	7328.000	62.9	327.5	0.0	126.0	70.73
Sat-85	05	7328.000	62.9	327.5	0.0	144.0	71.46
Sat-86	05	7328.000	62.9	327.5	0.0	162.0	70.45
Sat-87	05	7328.000	62.9	327.5	0.0	180.0	71.91
Sat-88	05	7328.000	62.9	327.5	0.0	198.0	72.87
Sat-89	05	7328.000	62.9	327.5	0.0	216.0	73.47
Sat-90	05	7328.000	62.9	327.5	0.0	234.0	73.78
Sat-91	05	7328.000	62.9	327.5	0.0	252.0	73.81
Sat-92	05	7328.000	62.9	327.5	0.0	270.0	73.57
Sat-93	05	7328.000	62.9	327.5	0.0	288.0	77.23
Sat-94	05	7328.000	62.9	327.5	0.0	306.0	78.81
Sat-95	05	7328.000	62.9	327.5	0.0	324.0	79.29
Sat-96	05	7328.000	62.9	327.5	0.0	342.0	78.94
Sat-97	05	7328.000	62.9	327.5	0.0	360.0	77.57
Sat-98	05	7328.000	62.9	327.5	0.0	378.0	73.51
Sat-99	05	7328.000	62.9	327.5	0.0	396.0	73.79
Sat-100	05	7328.000	62.9	327.5	0.0	414.0	74.65
Sat-101	06	7328.000	62.9	363.5	0.0	90.0	73.67
Sat-102	06	7328.000	62.9	363.5	0.0	108.0	73.87
Sat-103	06	7328.000	62.9	363.5	0.0	126.0	73.79
Sat-104	06	7328.000	62.9	363.5	0.0	144.0	74.06
Sat-105	06	7328.000	62.9	363.5	0.0	162.0	78.02
Sat-106	06	7328.000	62.9	363.5	0.0	180.0	79.11
Sat-107	06	7328.000	62.9	363.5	0.0	198.0	79.27
Sat-108	06	7328.000	62.9	363.5	0.0	216.0	78.60
Sat-109	06	7328.000	62.9	363.5	0.0	234.0	76.60
Sat-110	06	7328.000	62.9	363.5	0.0	252.0	73.69
Sat-111	06	7328.000	62.9	363.5	0.0	270.0	73.87
Sat-112	06	7328.000	62.9	363.5	0.0	288.0	73.78
Sat-113	06	7328.000	62.9	363.5	0.0	306.0	73.43
Sat-114	06	7328.000	62.9	363.5	0.0	324.0	72.76
Sat-115	06	7328.000	62.9	363.5	0.0	342.0	71.73
Sat-116	06	7328.000	62.9	363.5	0.0	360.0	70.16
Sat-117	06	7328.000	62.9	363.5	0.0	378.0	71.58
Sat-118	06	7328.000	62.9	363.5	0.0	396.0	71.18
Sat-119	06	7328.000	62.9	363.5	0.0	414.0	72.40
Sat-120	06	7328.000	62.9	363.5	0.0	432.0	73.20
Sat-121	07	7328.000	62.9	399.5	0.0	108.0	74.06
Sat-122	07	7328.000	62.9	399.5	0.0	126.0	73.83
Sat-123	07	7328.000	62.9	399.5	0.0	144.0	73.92
Sat-124	07	7328.000	62.9	399.5	0.0	162.0	73.73
Sat-125	07	7328.000	62.9	399.5	0.0	180.0	73.27
Sat-126	07	7328.000	62.9	399.5	0.0	198.0	72.48
Sat-127	07	7328.000	62.9	399.5	0.0	216.0	71.29
Sat-128	07	7328.000	62.9	399.5	0.0	234.0	71.99
Sat-129	07	7328.000	62.9	399.5	0.0	252.0	70.27
Sat-130	07	7328.000	62.9	399.5	0.0	270.0	71.81
Sat-131	07	7328.000	62.9	399.5	0.0	288.0	72.83
Sat-132	07	7328.000	62.9	399.5	0.0	306.0	73.48
Sat-133	07	7328.000	62.9	399.5	0.0	324.0	73.83
Sat-134	07	7328.000	62.9	399.5	0.0	342.0	73.92
Sat-135	07	7328.000	62.9	399.5	0.0	360.0	73.73
Sat-136	07	7328.000	62.9	399.5	0.0	378.0	76.57
Sat-137	07	7328.000	62.9	399.5	0.0	396.0	78.60
Sat-138	07	7328.000	62.9	399.5	0.0	414.0	79.28
Sat-139	07	7328.000	62.9	399.5	0.0	432.0	79.13
Sat-140	07	7328.000	62.9	399.5	0.0	450.0	78.05
Sat-141	08	7328.000	62.9	435.5	0.0	126.0	71.05
Sat-142	08	7328.000	62.9	435.5	0.0	144.0	72.33
Sat-143	08	7328.000	62.9	435.5	0.0	162.0	73.17
Sat-144	08	7328.000	62.9	435.5	0.0	180.0	73.69
Sat-145	08	7328.000	62.9	435.5	0.0	198.0	73.93
Sat-146	08	7328.000	62.9	435.5	0.0	216.0	73.90
Sat-147	08	7328.000	62.9	435.5	0.0	234.0	73.60
Sat-148	08	7328.000	62.9	435.5	0.0	252.0	77.67
Sat-149	08	7328.000	62.9	435.5	0.0	270.0	79.00
Sat-150	08	7328.000	62.9	435.5	0.0	288.0	79.33
Sat-151	08	7328.000	62.9	435.5	0.0	306.0	78.83
Sat-152	08	7328.000	62.9	435.5	0.0	324.0	77.18
Sat-153	08	7328.000	62.9	435.5	0.0	342.0	73.69
Sat-154	08	7328.000	62.9	435.5	0.0	360.0	73.93
Sat-155	08	7328.000	62.9	435.5	0.0	378.0	73.90
Sat-156	08	7328.000	62.9	435.5	0.0	396.0	73.61
Sat-157	08	7328.000	62.9	435.5	0.0	414.0	73.03
Sat-158	08	7328.000	62.9	435.5	0.0	432.0	72.10
Sat-159	08	7328.000	62.9	435.5	0.0	450.0	70.71
Sat-160	08	7328.000	62.9	435.5	0.0	468.0	72.45
Sat-161	09	7328.000	62.9	471.5	0.0	144.0	85.09
Sat-162	09	7328.000	62.9	471.5	0.0	162.0	79.08
Sat-163	09	7328.000	62.9	471.5	0.0	180.0	71.96
Sat-164	09	7328.000	62.9	471.5	0.0	198.0	64.56
Sat-165	09	7328.000	62.9	471.5	0.0	216.0	64.24
Sat-166	09	7328.000	62.9	471.5	0.0	234.0	69.33
Sat-167	09	7328.000	62.9	471.5	0.0	252.0	73.81
Sat-168	09	7328.000	62.9	471.5	0.0	270.0	73.41
Sat-169	09	7328.000	62.9	471.5	0.0	288.0	72.69
Sat-170	09	7328.000	62.9	471.5	0.0	306.0	71.59
Sat-171	09	7328.000	62.9	471.5	0.0	324.0	71.75
Sat-172	09	7328.000	62.9	471.5	0.0	342.0	71.59
Sat-173	09	7328.000	62.9	471.5	0.0	360.0	74.77
Sat-174	09	7328.000	62.9	471.5	0.0	378.0	78.71
Sat-175	09	7328.000	62.9	471.5	0.0	396.0	81.20
Sat-176	09	7328.000	62.9	471.5	0.0	414.0	82.96
Sat-177	09	7328.000	62.9	471.5	0.0	432.0	84.21
Sat-178	09	7328.000	62.9	471.5	0.0	450.0	85.02
Sat-179	09	7328.000	62.9	471.5	0.0	468.0	85.44
Sat-180	09	7328.000	62.9	471.5	0.0	486.0	85.47
Sat-181	10	7328.000	62.9	507.5	0.0	162.0	62.55
Sat-182	10	7328.000	62.9	507.5	0.0	180.0	55.59
Sat-183	10	7328.000	62.9	507.5	0.0	198.0	60.45
Sat-184	10	7328.000	62.9	507.5	0.0	216.0	64.20
Sat-185	10	7328.000	62.9	507.5	0.0	234.0	75.46
Sat-186	10	7328.000	62.9	507.5	0.0	252.0	80.87
Sat-187	10	7328.000	62.9	507.5	0.0	270.0	82.86
Sat-188	10	7328.000	62.9	507.5	0.0	288.0	84.23
Sat-189	10	7328.000	62.9	507.5	0.0	306.0	85.14
Sat-190	10	7328.000	62.9	507.5	0.0	324.0	85.64
Sat-191	10	7328.000	62.9	507.5	0.0	342.0	85.75
Sat-192	10	7328.000	62.9	507.5	0.0	360.0	85.47
Sat-193	10	7328.000	62.9	507.5	0.0	378.0	84.77
Sat-194	10	7328.000	62.9	507.5	0.0	396.0	83.53
Sat-195	10	7328.000	62.9	507.5	0.0	414.0	81.43
Sat-196	10	7328.000	62.9	507.5	0.0	432.0	76.80
Sat-197	10	7328.000	62.9	507.5	0.0	450.0	76.54
Sat-198	10	7328.000	62.9	507.5	0.0	468.0	76.06
Sat-199	10	7328.000	62.9	507.5	0.0	486.0	75.34
Sat-200	10	7328.000	62.9	507.5	0.0	504.0	69.10